6607
6636
1822
7771
3637
7962
4884
6396
6176
4618
9947
831
8632
3854
5936
9142
3481
1264
941
9136
258
1312
3120
9037
2558
8848
1546
5121
3627
5533
7958
143
6349
2495
5714
224
1371
3310
5372
2036
7921
9445
7270
6544
5471
3665
240
390
805
5606
2166
1048
4303
7677
2462
7306
1270
8811
8785
2342
8994
8146
249
2666
7915
694
7284
2564
5703
2281
3882
316
6414
1596
1440
9421
2917
3062
4652
5350
9768
5424
8992
5921
5377
7441
6211
1299
6919
3869
8941
7836
8717
2055
8068
8497
5073
1891
6789
1430
1432
9598
3449
7435
3593
8907
1199
6498
3279
1536
6241
3373
9792
2570
8046
2255
1693
5319
4270
1008
9514
4573
337
6107
344
6748
8612
487
7808
381
4977
7845
6419
672
1183
8548
7596
7305
9863
4315
5737
5680
5321
1086
6640
7846
7268
2077
7303
937
6606
5934
5696
7699
2010
8116
1391
5842
3613
7131
3187
354
5368
1133
7766
5676
861
4493
4254
2696
8231
8456
3153
8878
8659
4750
4526
8521
9448
6108
9533
4154
7079
3060
1482
9376
7866
2079
7391
8040
3799
6168
8732
4657
9023
5333
504
6113
8017
1022
1083
5345
9975
5591
1375
3507
5187
5111
746
8333
8240
1434
8912
2889
9790
7336
7513
727
3325
6756
2458
566
5862
688
8285
6050
1824
8115
8769
3893
7523
526
3781
6763
9551
8016
1043
5632
4219
4752
2785
7
6696
1666
1603
3436
7908
4654
6791
5999
4474
7240
2337
5125
1914
7732
384
972
4247
2199
9485
2904
3683
6268
5219
9092
2590
696
1897
2203
6161
7949
7947
258
8286
9610
4339
3292
5018
7328
4931
3201
9717
3251
9964
6339
1458
9400
9125
5794
3639
9268
8549
3081
2820
9106
6939
6992
8806
802
9585
755
5723
3026
5464
7305
426
2430
1849
6475
8952
2069
2899
7236
3924
9925
3525
2703
5842
6450
7535
5583
8991
6384
9507
6982
8361
6727
3143
2019
7390
9757
4967
1603
7634
7202
1123
877
503
9316
6793
1352
8128
470
2259
5540
5085
1104
7005
27
5228
4405
3440
5361
8216
4906
4741
8861
8426
5372
7194
9519
4916
7773
5922
2539
4855
3952
4383
4727
4400
1650
2195
954
393
1978
2917
6209
3456
5132
3255
7384
8055
2153
7834
3862
7925
1906
9148
6234
5919
4065
603
8004
5738
895
1656
6030
9292
2857
7992
1639
7521
5671
6370
5805
4352
9377
3365
8645
3214
3140
9539
5560
2996
3055
5750
9797
5696
4081
6321
3961
1112
1342
4527
1042
4889
541
9509
8917
5006
1957
107
938
8318
7641
358
9238
3216
6763
3426
6680
6603
9840
5596
8000
3430
8545
9625
610
4860
4176
7231
807
6733
4482
3765
1641
3487
5539
4259
4609
3928
2606
8916
8502
4314
1514
7860
5224
1131
27
9495
4218
585
6817
4196
4251
4395
4234
5176
3738
1766
9893
1411
8526
5558
1231
3246
9133
6631
6677
9930
7782
4072
6823
9753
9268
631
9096
7660
8688
2022
9829
2287
3364
5996
8318
4195
5917
2059
8515
9760
371
5562
5311
636
3423
494
4032
7030
8559
3800
3735
4101
1577
250
7149
4719
2245
1013
2718
8566
8336
926
7078
7078
5065
9187
9543
6095
5100
5679
3665
3252
1713
471
4802
5102
432
7171
6756
9798
2553
1759
5031
4709
7294
7280
9000
4803
8021
1353
395
6837
1973
7834
912
6451
2241
6183
7438
96
5350
2063
9450
1407
7742
563
9444
2112
9688
9025
3927
846
5727
9954
9460
9357
6595
5702
5517
4496
8777
5717
3500
6114
4331
4028
9174
5541
5418
9328
3983
6656
5112
2537
9226
1736
8466
7032
5942
7256
5596
4890
2453
582
1559
8415
1037
7122
6195
9991
4924
8917
791
4873
6922
9856
7384
917
1395
9777
868
6439
1987
9546
3672
2402
8547
1869
7688
7972
8038
8092
8409
9087
5854
9516
1772
8158
5936
2859
5064
9268
377
3426
9454
7310
1736
6265
3176
1377
4265
5126
1240
2453
3374
1408
9608
2904
6262
426
9261
653
433
328
8293
4006
989
9760
8223
4079
2032
4010
4122
516
2321
5748
6773
2768
372
5724
9142
3587
9620
839
8695
3579
9980
1810
1731
5690
8125
389
5853
6292
5199
6503
1904
5199
7287
9016
7288
362
941
9910
8435
4289
3345
587
1387
8266
4273
727
5929
7368
4914
4694
541
3949
6839
7805
2538
9775
2894
4968
200
7335
695
7170
1462
8967
8473
7073
6742
8376
2563
3593
1917
2929
5529
6750
1074
6618
4068
8306
7718
3022
6201
741
7371
4768
7975
6985
4156
1004
938
5970
8873
7228
2985
4578
6316
2446
6800
4803
5150
7074
2122
6098
4521
1275
304
6763
7760
7469
2237
4969
5049
2668
3612
9546
3692
5965
4695
3039
6792
4015
5338
4671
8531
2692
9755
8851
7024
6196
9772
5650
3748
5896
9704
3278
1942
9879
802
8994
5030
813
8274
4128
139
4080
9334
932
1064
339
6380
3810
9676
6702
5491
5182
4687
8501
6725
6671
1921
9291
9378
9630
828
168
2305
5106
7811
717
6710
2265
8138
3022
6355
6033
4709
7025
8089
9229
3733
218
3772
1851
4514
7177
3213
320
2963
4756
6568
2463
6193
6903
3817
9821
8624
9003
8366
7478
8392
5402
1626
2980
6515
5370
5503
200
302
2103
111
1013
6766
6600
4771
7482
1430
3232
1345
9977
2853
6661
325
2069
3447
393
1730
1360
2696
5699
4814
6526
9782
5899
2909
4735
8780
5059
2256
347
1109
2083
6628
5352
6688
811
2720
4344
7415
4306
4853
1988
3979
6797
1322
8938
9787
9895
8923
2933
3815
645
6608
5420
7604
7734
4034
447
252
8744
5833
1821
9289
5739
7835
6553
4613
8649
7201
7463
7277
5944
4435
5502
4856
9900
1585
2801
382
9410
7602
774
2347
6715
8775
3674
9210
5711
9446
6964
2954
8559
5795
1535
2790
4193
3377
9399
1880
7041
7323
3796
7083
6760
2622
6847
4148
132
755
859
8542
4389
8096
5156
5140
7171
954
8957
8373
2122
1914
2189
8129
641
2218
395
5675
9748
5327
6902
8191
3187
7514
5297
112
7903
2382
7907
4426
863
7507
1457
7288
1822
3090
9387
4905
6067
4435
1395
2487
7462
2382
4700
1247
6157
8355
8234
943
7227
3661
539
2240
6214
5812
4470
5298
5016
8225
6983
8434
6938
3465
272
3425
2826
4349
1302
2106
1142
1703
383
2263
3641
2324
5865
9512
4829
5803
1242
5847
7815
4243
3002
4852
1327
4657
2423
8179
2702
9805
2166
7843
9462
9614
8993
4113
7735
1950
7259
9338
9227
8473
3885
3928
9694
8600
4466
1878
958
2167
1901
9724
5390
9296
3439
4618
6458
4179
9430
4343
1486
8022
7205
4515
3065
5223
6500
5944
3684
6010
8634
8219
4141
8239
246
3920
9999
805
3813
1554
1953
1232
1411
4311
5366
386
5199
6026
1414
7992
7984
5379
7277
3631
9880
4258
5686
9255
2550
6506
4699
914
811
8768
7096
9310
2495
6086
4988
1126
1368
1014
9350
5620
4630
6568
6030
3898
6077
101
9532
1486
8352
7318
3331
8338
2863
3091
845
4288
3954
8463
4287
2042
4680
1297
9590
4350
5157
1382
4358
6692
861
9508
2345
1964
7495
4004
2378
9016
1058
7534
1827
2612
6639
1586
4714
8412
7097
5999
2418
2925
3263
6124
518
5000
630
788
8816
2424
3551
65
2786
4432
6910
3074
3813
8571
6963
2496
2455
8201
7557
4322
3643
5180
5337
8450
5267
778
7655
8196
1911
6715
9945
4514
3621
7348
5043
3784
5558
3533
5605
6396
8140
8426
2141
7043
8838
5586
3437
6613
6191
166
3172
9899
3802
4646
6383
2961
7066
1633
2119
8885
8241
7569
4073
950
6063
2826
9289
7769
4589
5661
6159
5833
2195
9757
6806
1053
5735
7663
5702
2434
6742
5363
5918
7772
6256
6405
6720
3408
2386
7538
1442
7515
5
1672
2499
9108
5145
8086
1217
3059
7576
4312
3771
4728
3842
8868
901
6554
9579
9123
8351
2879
4323
3951
6978
8658
4236
6580
6349
2260
8163
9030
3320
2542
259
5904
7542
5602
8085
1919
9155
7178
8479
4550
24
2530
4805
414
8789
6823
8225
1631
1722
5521
2550
6284
5945
6114
6906
5315
8888
9615
2960
6718
8061
2691
3791
6750
8167
9050
9605
6984
8398
1752
1450
5547
1335
6476
7849
613
6316
9472
839
4352
4327
2917
7278
5883
8567
4678
8507
2564
4629
9149
6426
9895
6953
711
6901
1723
3665
1650
2025
4035
205
1887
1235
7613
3259
8789
7499
7105
430
1455
8920
6621
7783
5423
7935
4917
6989
496
13
6384
6091
6559
1261
7634
3135
9641
9668
3275
9839
3249
7844
8650
3293
8056
6072
1749
7296
6379
3246
1299
1303
6583
9828
3112
4247
6523
1364
2182
2498
4465
3279
3726
6081
516
7679
2396
4965
1563
737
5214
7680
7920
4831
461
7834
485
3095
1678
199
3038
5265
3232
6946
5526
2805
1497
6344
646
8159
3578
770
7860
7692
3724
8250
6107
370
6131
1890
8868
4583
1621
4555
3031
3615
4883
1941
6036
6233
8392
5778
4136
2628
8920
332
8333
7506
2621
9599
3490
1503
5089
9610
477
9320
3487
146
786
7962
8884
2812
8011
1294
8268
7883
818
7768
7339
672
7593
6606
7191
9210
3822
4013
211
9014
9433
5020
3158
7372
4847
8506
8260
9198
1260
2566
6390
8776
2818
4987
9897
6961
5773
8843
6526
1320
2455
6396
9991
7516
5947
5434
7224
3845
4715
918
7141
7241
5148
1398
786
8286
3920
4042
8179
4833
1440
4313
2867
8657
2229
6341
1210
7265
8020
7863
9793
3440
4631
9227
968
8393
4177
9431
3531
509
109
3379
2784
581
3704
3676
1846
6160
7149
7089
3949
2178
170
579
3698
2377
4252
4249
3771
6213
966
8925
2399
8915
8619
4199
6096
8146
4541
8704
1581
9315
8664
8175
609
3041
7739
8402
1514
2441
8533
9566
1674
5004
2656
5666
5805
3651
5275
7725
6033
4230
4926
2313
1029
2199
1848
7546
3124
9532
7856
7161
4319
3968
1607
9547
4330
6682
9314
2663
6462
1134
2451
7670
9931
5431
797
3810
537
2875
1288
4538
5061
544
582
296
8635
3708
1978
6387
8455
4721
5384
5405
1699
8570
2426
2408
265
3740
7421
7606
27
6237
8985
5715
7753
6676
6316
3330
4466
5186
8828
5674
135
6555
7741
1906
855
8503
3468
3814
6370
9290
3219
6135
2734
6931
9072
8056
2181
1246
7995
4468
9877
1669
1741
2468
5106
8296
6396
3282
2678
1016
8431
2296
8853
1705
6592
216
4927
7470
6654
6481
763
8712
9167
2049
27
4371
8651
2387
8657
8145
6421
3097
8175
3703
8175
9989
5867
3932
1815
2605
4559
9150
575
5214
5735
1845
1470
2108
1107
1002
9316
4688
9366
7355
2135
6243
6822
2027
4625
6611
2930
4914
2548
2983
4246
5899
2411
4969
3304
1552
7581
1777
2091
2282
4129
6838
3325
108
7112
556
6582
5182
751
4975
475
9974
4016
5110
6538
3666
6507
459
5254
5681
8193
6778
9744
6534
564
2567
8051
6197
6065
6958
642
5072
7301
5649
5797
275
7421
9399
1888
465
8349
5205
2185
5708
4068
3743
4813
4981
2061
7901
7748
2847
7157
6322
6317
8533
8565
2746
8592
5225
2637
6648
2255
4704
1083
3159
5057
2643
6722
612
9827
2856
6662
2153
4111
4568
5807
3835
4043
5409
1995
5357
1755
4201
7730
1173
5774
1904
2480
9116
4235
6054
3802
832
1441
3940
5200
3374
9347
2399
3522
4089
6880
7595
8978
1594
1624
6439
6386
4077
427
2427
7163
2408
7692
2542
7702
9628
2749
8665
1335
265
592
6404
7833
2633
3469
6678
6558
4756
4348
485
6773
9912
7126
5337
1389
892
2573
2568
8482
3060
3504
8367
8260
5014
7405
7798
1875
2249
9869
278
2436
3603
7559
7048
7906
2460
5159
6008
190
4687
6784
6968
4628
3130
8657
838
9371
4087
6518
9560
4677
4676
8194
9718
8017
1220
9022
1643
2070
7889
5419
7584
9192
1698
9790
7050
7735
4662
8170
4770
2702
6432
525
6910
5702
1032
2493
4127
6849
9482
6456
5873
4351
6017
9343
8935
5902
9375
4305
4619
9636
2220
3508
3227
1440
1112
9682
1509
9707
6676
4791
8611
8223
8601
5191
8737
2835
2926
3998
4198
7773
9735
3050
813
3059
7777
8760
8744
5318
8842
8509
5752
465
8752
6737
6593
8262
3740
2849
1809
5517
678
6238
1537
6850
7112
7255
5107
9345
2409
6800
5186
189
4438
1358
6024
4418
7151
4760
8949
3293
3211
2727
4676
2496
2365
1360
1237
3310
650
6099
8357
9302
7732
3435
3977
5597
9655
3648
6281
7795
2149
9201
5050
2813
5217
64
9488
4492
3236
4203
5739
2688
6013
8752
6246
5728
5330
4958
4816
2630
8418
7920
5829
3276
4442
315
3334
1841
2655
7860
5990
1247
1153
3096
6753
4101
3309
3199
2012
8681
4932
7040
3496
6885
8930
6424
7662
4728
5838
6597
1523
4983
7966
1451
916
5864
2103
9603
7042
9271
733
8547
9807
7026
4549
5390
1948
3821
9655
4380
6231
1096
1339
3346
9098
6989
2512
3487
8084
3642
9021
9497
7014
4663
5903
9961
2566
2341
8349
1114
8126
6333
8669
630
6012
2978
5857
1913
7155
7129
7490
3527
8093
6453
4664
2870
8730
1523
9388
7943
757
3705
481
6202
5843
6828
8358
4834
4730
7959
1306
2537
3256
7177
5868
8902
8964
6227
1767
3834
2445
1137
7426
6103
861
4454
5614
7068
7186
8629
9977
2902
7623
3248
2315
6238
1393
5315
7324
6041
1602
3590
6240
2733
3305
5108
3318
4131
4973
4441
9412
6582
2621
3987
5042
4834
1600
6672
1302
3648
9680
761
705
3939
6447
214
1638
6287
8307
2964
9490
5120
5370
3853
4710
7519
6404
8530
3059
1663
661
9586
6147
1257
898
6424
973
3940
178
5934
5645
3614
6150
1884
4714
8946
431
7158
1610
2847
7421
4442
7581
657
6454
7758
6215
7966
3500
9394
140
2523
3839
4189
1821
8548
5090
5868
3495
5866
755
8211
2263
799
8067
7171
5077
486
334
8768
4964
7402
3194
1564
4199
6262
6253
1829
2348
1184
6411
4145
7086
7025
6872
97
3552
5148
6285
2985
3617
506
5778
6996
9883
3914
7737
5201
510
646
9094
1866
24
4086
3641
1115
8156
1048
2388
5752
3444
3616
8386
7169
856
868
2549
9736
3006
2674
30
759
2666
6938
2480
195
237
1083
114
2656
3585
8391
8946
7920
9240
9850
2761
5174
3315
2610
6447
497
7732
6832
7159
6742
2315
3746
2454
9871
6171
9078
15
6067
2375
7644
1866
9506
8461
6890
7101
1518
1444
9418
1038
8059
205
7126
5477
3932
9926
2502
4230
8963
2982
5811
505
3477
8185
446
7832
7867
5628
2565
4249
3749
7471
5245
215
2310
6000
1912
4359
8765
9011
8506
7554
574
9186
8996
5057
1022
8467
4220
8490
9107
660
9742
4298
1269
5518
4456
2960
447
5334
8008
3744
3181
765
1730
3067
6049
6003
4770
616
8571
4703
4375
6332
934
7147
6856
3054
1331
5976
3675
4181
9580
2577
5309
3069
744
8653
4065
1015
4954
7892
5869
3701
7348
737
178
1723
5116
1227
6660
9469
7002
8648
7037
7983
4295
8273
583
1734
1332
4898
2174
6200
7862
37
2484
3060
5205
8682
969
2446
3108
4328
3606
7184
4413
1624
8992
2238
238
4438
8401
3693
9212
3392
7647
5507
507
999
1200
9007
1900
4412
1899
9629
898
5489
2817
7780
9083
5410
1374
5840
7267
6365
9598
1308
1794
6012
8628
6910
361
1308
9974
2048
9141
7116
862
6420
1627
1534
6043
5861
3638
4277
3884
2485
8231
6678
230
6067
8878
1821
9598
1290
9189
1202
9556
5916
2732
9918
819
8282
7033
5816
2563
8585
1715
9347
9689
7364
1927
9883
6427
6293
4694
1169
8495
958
7637
3296
4303
2638
6613
1038
4177
6270
1287
8786
5438
4766
5368
382
309
5631
1292
8151
3093
4455
7538
9171
2841
1234
402
8377
7810
9738
1092
7515
8408
7160
3260
6129
6069
1150
5775
5790
6466
4000
394
1588
6871
9205
4310
5553
9075
3962
3049
5113
1276
2209
94
5948
4593
6791
5786
2698
2462
6005
9544
2833
4088
9365
6248
8711
6304
9755
9767
369
1744
4312
4017
6879
5059
4359
4708
7280
3062
5505
2970
3007
9151
2613
5441
2520
7129
784
4053
5401
4629
2704
2780
7570
1765
4757
7886
1473
6318
9156
2854
5097
2818
7026
9104
1505
9207
7809
8826
6194
1408
3708
6867
3050
3121
3949
4412
929
5403
2570
8436
1941
8202
5183
7369
9442
3916
4670
5230
8392
1243
3167
3609
3290
6124
7817
3296
9164
5430
774
5116
9301
8173
9730
2578
9271
8499
3823
7308
629
4486
1232
1928
9202
6876
8954
4036
2267
2243
2337
9247
6146
5832
1765
862
716
335
6580
8693
179
8175
1795
9786
68
6568
1436
9353
8905
6544
3474
1097
9196
9425
5196
2297
6515
6826
4629
492
7307
3148
3130
5441
5757
2741
6649
2143
7563
7458
8303
8111
3775
4132
2911
877
1012
5684
4892
9738
5301
4009
4577
9113
5544
7593
4356
9597
9191
1864
5349
6749
7105
5715
7306
6998
6749
3323
9297
4638
2898
6444
6437
3840
2851
8653
8347
4831
8785
9717
8357
3962
3320
5174
8551
3251
5634
3543
4685
6173
4542
1110
6717
2949
1822
2188
5250
410
3794
924
1522
8626
1633
9288
8761
8909
1263
4668
5693
5568
1767
9702
8779
6820
7232
6393
8367
8665
693
6363
5361
9174
406
9157
9229
9681
8075
948
5222
3621
5861
6667
8530
3435
3985
9634
5757
841
3591
4099
9585
6052
146
7738
788
7058
1120
3133
2853
964
7922
9528
8385
5562
6175
8736
3206
805
275
1995
3596
6651
7872
7746
4473
5882
7441
3877
1471
7912
7419
1779
7886
2370
8516
3718
8193
9258
1781
9514
3502
5913
3708
3254
696
9622
6319
5884
6225
8776
4466
4921
7611
4739
4849
8217
510
1225
1221
4767
6892
7918
8109
1863
370
299
957
4555
7970
8222
4122
350
3778
1626
9344
9351
8794
2970
6413
7608
3052
2463
4662
9394
608
3973
8561
2290
5360
6611
3239
7514
5813
9426
6078
6751
9904
4383
8624
5913
6763
5859
9067
5694
920
3266
9232
8579
5859
7066
1658
2051
8073
7473
1684
8132
9780
9427
6682
119
8362
7019
9568
8389
3203
5539
6570
8499
6124
9499
9839
6437
9874
567
3949
7873
253
241
1604
498
1369
8221
7911
1160
225
8977
4500
2385
6413
5794
4435
6090
5029
3708
6400
5830
6078
155
1936
2735
1625
4936
2674
4476
2757
9119
5419
1033
1994
5902
1731
5823
3219
5109
5209
5851
426
7023
4059
9911
8628
525
8745
9619
5107
5170
4512
4043
6868
6725
6406
5078
636
962
44
7318
5017
1048
4840
3179
556
9738
7637
1279
2340
8775
3793
3674
1513
4367
9636
5459
6633
9456
4891
8437
3128
569
6229
9109
9285
9514
3364
52
204
7901
7289
2913
6896
5531
6191
717
6356
2078
8311
6952
9819
5144
2636
8981
665
6793
7661
3738
459
4952
5651
4382
1469
5695
4883
7584
6696
7362
5125
2503
3877
7700
2267
4105
8275
776
6466
5492
121
1283
4421
6144
6519
33
467
5589
4343
5931
3065
4909
207
6533
2958
1694
5912
1407
6781
7604
2989
9942
5213
1513
7884
8006
7939
5360
164
5903
8574
4333
9698
3448
1526
7727
5195
6662
9293
1951
5714
4585
3111
2549
8793
4016
2049
7799
3693
4582
5663
2489
5942
6518
3130
6817
9815
8735
7456
1992
8696
5332
6740
1091
9355
4595
5790
993
5116
5657
431
8815
4589
4553
3738
4143
7192
3145
8114
6609
4064
1562
9668
6845
3094
7211
1636
7722
9808
1145
1753
1896
1622
5666
4407
1180
1592
5372
2194
3014
9185
7569
3030
9397
9850
6949
8394
4052
2182
3728
5445
4303
1351
4102
797
5169
115
6751
6524
4518
4224
9411
9627
9772
7306
5076
4631
8622
1446
8252
5248
8490
3553
7877
5095
2043
4384
5023
9377
8997
6585
272
9091
7627
504
7817
6875
2953
1671
744
8894
2399
1834
4694
335
3856
6220
5188
2990
5582
3299
7227
2206
2102
9744
4500
7015
5396
2516
9489
1672
6037
2018
5115
9006
4679
5161
3127
6012
285
4796
4424
9929
7873
2497
1712
8674
5149
4933
5463
2975
4415
181
10
8777
3373
9271
7806
7585
6062
9936
6342
9287
3047
4131
4065
6696
8202
8200
8708
3571
7955
4761
3922
8171
7684
8345
7819
2575
9143
2611
87
3898
2201
5583
2726
7341
4010
756
3123
2538
8775
6136
7184
4094
1693
352
4532
4377
1377
4796
7435
1623
6056
3444
17
9294
226
7461
4569
3185
53
7
7352
1289
7792
7756
7113
7657
7769
9548
5750
5560
9065
9337
2041
7167
2919
134
6161
6617
6111
7981
4836
920
5091
197
4401
8385
9456
63
1794
7460
7541
960
1543
9794
1348
6524
221
79
2802
9844
8463
1828
8424
3925
4692
2614
4916
7697
3972
4493
3828
6697
29
5349
9575
5215
8438
4711
1315
7186
4173
3251
5950
6384
7322
8582
6382
2587
6605
1270
6509
9307
1527
4023
1970
377
488
3923
3606
7274
3990
2238
8764
6354
9181
8898
4134
5409
4422
9002
2640
1862
308
6889
6026
762
6612
9238
4298
9328
3025
2411
2897
6185
5205
866
8614
7701
6671
2796
5622
851
1383
6393
3752
1886
1446
5122
2119
2771
9339
3223
2582
2801
4291
3280
9154
1148
7982
6168
1433
7123
5643
9918
2432
8931
4770
8134
3725
8357
5204
484
3779
8415
1094
7453
8518
3310
7415
9101
6697
5243
1124
2849
6522
577
9781
8484
4079
8649
8534
9500
8600
142
9718
8652
4388
8322
8011
2194
4299
5699
8085
1632
5062
700
978
4027
470
3778
68
1905
4464
90
7425
1641
2487
6303
6575
4811
6142
2432
8285
481
3124
5662
1808
7635
1706
2077
5247
6023
6623
3900
5175
610
1097
4423
7435
9476
7990
140
8214
7559
1544
9766
6857
8924
64
2820
9678
8403
9001
6206
7053
9379
3390
5866
4462
8257
8346
1977
1833
7733
6439
385
4517
353
1134
38
3546
1074
6222
5993
2441
2501
2195
284
2767
9356
1819
8372
878
9324
8866
7225
3840
5883
5877
2158
3420
4997
9138
3484
3172
1600
1616
765
5163
3704
7522
1972
9709
1653
5369
7247
3566
7549
9910
2087
9492
5211
7211
2793
2816
4150
1222
7780
8720
2006
4705
1963
7313
8629
2138
7861
2223
1587
7308
6265
2488
7243
3692
1375
6769
3754
1476
171
3580
2364
1021
3411
1118
1148
9009
6184
5560
1054
63
9189
7223
7480
3671
8038
9852
1938
3483
6790
9513
7371
3626
3658
6020
7630
4632
1361
1659
6279
9728
1959
9094
2409
806
6162
2739
1491
2208
97
5679
7393
9615
8297
7215
7663
795
276
4533
7933
4739
9491
5646
2866
5803
7698
9759
446
9865
4753
5530
3638
237
3781
7287
8415
2086
4280
4220
2
5444
1219
7810
9801
8570
6466
8292
3933
5355
13
1834
560
2761
2342
6311
7249
6858
6047
5000
1522
8930
4325
4388
7404
6336
6341
4355
8345
6335
4612
6453
2156
4910
7549
8735
6771
6809
1072
3654
6593
7434
6836
8907
7911
2042
998
9794
8489
2764
6712
5653
785
9361
5552
2227
460
5367
7935
6458
1853
7280
275
120
9918
776
7081
3951
3748
4635
9496
4499
270
9956
7889
1778
7943
9569
5009
6988
9366
113
7972
6071
8593
7161
1847
6668
3652
1974
5006
3166
7251
7004
6531
6951
9018
6098
8988
6741
711
4501
5622
6901
1814
3233
9678
46
6689
2174
4941
3899
6002
6281
813
1364
4572
9787
2311
7087
4934
3893
5202
3404
968
4554
9156
3484
8726
8239
7302
9753
2267
5233
8826
1200
701
1999
2381
4078
8966
6389
1994
6661
8885
2098
3858
229
8955
1622
1973
5257
1028
243
2930
3905
9515
7038
5304
7324
4127
2785
7095
9062
235
8768
5476
3883
1930
4955
6652
4709
1595
803
122
9042
6391
7008
799
267
6420
1958
4535
8476
1563
2318
7418
153
3950
3233
6881
5904
897
9958
3162
750
8736
9373
2923
1971
1427
6811
2928
5433
9110
908
649
2456
814
6741
328
5808
2427
5474
7620
5209
5734
6878
3265
9831
6835
9688
6412
7746
2578
3536
1202
9977
1779
5380
5993
9903
3943
2824
3235
7110
1970
6458
9393
8470
6889
3476
8570
8233
2056
5211
509
3214
1450
1938
3501
8770
1707
9326
5412
6216
355
2263
1498
2549
3350
3413
5987
8919
3455
5841
5499
5153
7275
1322
6283
3816
2818
8505
4016
8796
1346
8056
4393
186
6982
5062
5146
9395
5032
2549
5252
5791
5329
3774
5102
8998
10000
5114
2170
8949
6067
5839
345
9233
1978
5835
7475
7903
3795
7404
4947
3944
1132
2715
5111
6885
5115
4151
7262
1669
676
840
532
810
3292
1002
2514
1144
5933
6374
5766
2994
5411
1968
411
5473
8595
1655
9978
2820
8032
7695
9377
3143
3384
196
8396
2774
9801
737
1512
6548
6860
2868
4945
6743
2006
1098
4865
1178
592
9062
6455
4011
542
7088
2150
1144
3421
9114
8767
5853
5283
9014
7477
9199
41
6786
7621
4152
5305
5771
5216
1921
5631
3092
9653
3943
975
6850
7599
3227
8751
5252
1363
4300
6349
4814
140
1866
7243
7071
6403
4489
7871
5776
6506
1078
4356
9527
4042
4791
7858
7916
6910
1061
4819
2860
4150
3910
3724
593
6651
7428
3097
3950
6560
7388
6443
9057
3886
1302
8551
5267
5156
3931
4213
2341
8247
9232
4726
4198
9541
9067
9806
4339
4398
3571
2502
4021
9635
8050
2567
628
7135
6501
9325
327
1053
2412
8567
6060
7133
3357
9253
9181
1621
7103
4846
682
8939
3419
1037
5793
1871
7601
6262
3999
5314
8832
3969
5019
4876
8934
5893
139
4520
4822
3718
7445
3276
1006
2493
8945
9666
6874
2883
7376
3836
7163
950
548
1703
3024
3495
1498
2399
5386
4255
3440
173
1948
1183
9502
4589
4058
7932
8608
8313
9994
3242
482
93
6685
419
4752
1621
2832
5323
1362
905
2511
5375
2131
1479
9885
3971
6169
6355
2429
4382
5080
7933
2198
4743
7427
295
2105
1036
5731
8244
6918
8131
3469
8282
6728
9878
3978
291
4044
8006
7941
5114
4300
6167
1235
2454
3612
9831
313
5568
6880
4956
8007
4049
3978
8347
8659
3699
1701
450
7832
2943
4369
6971
8509
8537
6567
9127
2620
9432
7353
3636
4066
6551
6445
2593
6937
7997
9410
283
567
3718
670
8659
1264
1028
252
5756
9075
2553
2676
1594
6785
1123
4064
4296
7513
1958
6667
5057
6717
1068
8330
4396
4193
227
8133
3667
1756
3089
8404
5207
2671
4074
7646
1690
9644
1490
8498
255
9173
9029
9827
9831
1421
5266
2239
670
6424
9046
1913
3590
9387
9801
8471
2665
134
5690
8832
9171
4319
9253
457
6497
6952
9744
4203
5416
1978
3720
9154
6620
5168
586
9171
2747
1454
7796
3716
5275
1948
1199
3495
2578
374
9615
4893
4229
3410
9152
5803
3187
4527
1989
9493
1897
6303
6412
2423
525
1929
9728
6567
5575
2600
3338
6713
4926
3888
9769
8479
1003
781
4702
3294
7204
8083
3185
2535
3993
107
8100
4107
120
1219
702
1324
1341
6657
7590
5705
3673
1282
5804
2439
758
2438
7928
9700
5222
1939
2050
744
2038
1339
7227
763
7885
4124
3682
8851
4194
8225
8420
9116
3219
2341
1138
3966
5789
9967
2356
6904
6635
5733
5576
1777
8186
9681
7891
381
6538
6450
8997
535
3951
7984
6820
2315
668
354
9077
1010
5117
7538
4016
1523
5610
7611
311
466
8565
9687
5601
8961
7957
3184
5564
1336
8214
4463
527
2270
8102
9803
4639
7751
6280
7755
3403
3206
135
8417
8954
5591
8305
1942
8928
4853
3815
3682
3938
4219
9196
8750
773
8044
7105
4529
3240
569
9998
5654
270
8904
239
2342
1363
8742
7624
9597
2761
1922
4800
1782
3813
783
2270
4310
1949
5468
3781
1813
6369
6798
9750
42
5119
9177
1116
6951
7582
5076
8464
6970
4556
5102
1648
1281
1091
5381
3229
6085
3040
7061
5009
289
6874
1082
711
3846
3750
5084
9403
8033
3020
8269
3673
9387
7433
4378
3749
9707
2131
2545
3761
5568
2191
724
9178
2128
8964
6634
5074
7658
3741
6718
3346
7188
8389
4483
3225
5939
6493
5773
3553
5804
5302
16
7126
1021
8297
3293
7134
2423
551
1206
3233
3156
4225
6935
102
2595
9522
2634
4464
9346
7215
374
7525
8678
2446
2186
8515
4516
5952
7480
1600
1192
8055
64
2824
5571
2826
6331
5922
5883
4680
776
5877
9594
7314
4961
6895
9017
5389
1254
7110
9994
2652
3274
5797
5952
6274
786
111
6896
6137
8027
7442
530
9481
902
6375
538
5913
297
3937
5322
5091
5904
9306
8996
9595
7348
4506
5265
8451
7178
723
3999
2582
3318
4848
9733
2053
6973
4578
1141
6404
5627
2024
585
3571
9801
5117
3268
9971
6530
3328
6216
4147
2120
9214
8337
9053
1726
135
4168
3538
3471
5103
5530
1864
442
199
7322
1219
4731
2229
5913
1082
3890
4370
1222
5040
1642
9454
6437
5180
1534
6213
2570
1557
4285
1337
8555
4391
7066
5510
1422
4609
5658
4720
5262
9184
8504
9108
2130
1269
5033
339
2826
1590
9336
5104
574
6760
4234
6697
6025
2229
118
8838
7716
2436
7533
5918
8153
8395
2438
1658
2011
3428
8290
3808
9601
1045
9667
5966
5727
5070
8036
8857
1299
1052
1402
2479
2705
9686
6137
7400
1799
7560
1023
8219
7597
7855
721
4667
9304
3809
8275
6187
9120
753
4017
3951
2418
8266
1289
205
2380
2668
7784
8622
5910
1423
4956
897
7777
5294
6987
4198
287
1116
5065
1299
6561
7905
2378
225
6455
1703
129
3055
5554
9
5163
4171
9270
4971
5302
6691
6091
5586
9402
2070
6250
3103
5301
1942
4713
509
313
3146
259
6577
5765
6595
5653
7250
9148
8130
7429
2338
4934
4847
7650
3479
7798
3514
4134
87
97
8629
145
3641
8793
6453
9277
7057
5689
7897
6371
5137
8867
7555
706
4115
2483
8349
3404
3184
6742
1275
7031
8539
9763
7554
1698
976
8306
6140
8633
1337
4914
2961
9144
4244
4834
9547
4165
9438
7330
7777
7200
1798
2437
4333
1316
5628
6057
3179
9124
6185
3382
6873
3146
1564
3088
7844
2851
1034
2464
8913
3767
1734
6722
8267
3551
4208
4079
7868
9666
8701
1900
5848
3413
8357
8178
2818
5456
2490
6934
9228
8692
2979
5748
5922
5351
9470
8543
2841
6548
4582
7008
1484
4138
8574
9605
5167
6732
4055
7949
7385
3954
5223
6553
2658
5652
2854
3427
6120
5648
5795
5807
7816
2845
2088
7429
5164
6011
7986
1179
2396
2423
1129
3708
8881
4681
4932
6648
9219
4497
4825
2434
6730
6987
3427
1429
8558
4149
938
1031
4960
1546
9098
6748
7589
7973
1893
9865
1549
3887
3880
6228
3866
726
7447
5942
6598
9893
3655
4319
6320
7137
7378
288
2914
5354
6393
9666
9730
6400
5798
7166
4003
420
3660
2844
1170
9407
1187
5798
9202
236
828
360
9389
1238
8749
7766
8183
5558
3857
9357
607
3970
4204
5729
9538
9632
2987
9907
6711
7325
594
1659
698
129
6197
4331
4313
7212
2233
5220
8880
7418
7786
5445
5658
4686
2376
5484
5322
2981
9913
8155
4859
380
3729
1632
7507
4240
7469
1311
5419
1936
3389
814
6618
4602
9117
9229
7544
4475
6320
3816
9937
9997
9854
4809
6198
6657
3971
1727
432
5710
2951
8645
3392
7358
7120
9231
8242
9788
1623
1064
678
502
4580
2728
1296
1817
3268
6479
321
8100
1823
3916
4790
8346
1650
1998
6138
4021
6167
2018
1747
8771
4851
4682
7467
3543
7596
312
9393
7938
9368
4387
2244
6218
6832
5120
8562
4277
3181
1573
7680
2097
4754
7937
5876
4750
3175
2036
9493
3838
9768
3850
905
392
4733
2931
3182
9761
2228
1913
3053
8748
3881
7045
3331
5368
7505
5648
5384
1993
4817
4693
9386
3371
1821
4337
5121
2010
8188
5184
8930
4780
7428
8254
3035
6233
7956
2249
1882
6072
6252
3520
6469
536
7217
361
1633
9991
3593
4736
3202
7958
5806
1343
1584
18
5988
6057
5898
4544
5068
3201
8054
1048
9832
3874
9348
6114
7610
5572
3049
1304
9870
6766
5257
2225
2423
8721
2855
3049
9146
890
1769
6126
8196
5487
947
2112
4525
1468
7492
1994
187
8104
6175
8781
4383
3537
2224
3246
8510
4298
9710
5098
7564
7625
9113
8201
8165
9585
6733
6091
5211
8527
5486
1894
3693
5179
1330
4995
9573
7824
2065
5329
3782
3426
5586
4980
6378
3328
2797
5956
3691
5174
6335
2448
9894
1114
27
5664
5840
6000
5561
9423
2258
8294
2244
5077
1409
704
2918
5073
1191
7201
4114
5445
8316
7977
1341
8919
2691
4160
1046
1917
3402
9678
9237
744
7810
8485
2997
4485
9197
1606
5221
4766
5111
9887
4758
5390
8104
5205
3877
8103
2921
4953
2439
4274
9355
2104
3527
6063
7958
5849
8383
4877
6599
5905
9473
9307
9458
6926
9239
9555
6461
8145
8699
432
386
7382
4407
420
930
7826
4503
9986
9841
652
4600
8381
8935
6449
2039
4482
3255
3681
2738
3886
4942
2954
8243
1439
9488
1756
1901
5642
4944
5476
2120
8982
6415
7048
7570
6113
2676
9340
3878
55
9120
1538
3887
5075
1427
3213
3861
3772
7279
7490
6150
5028
9286
7809
4792
8956
854
1125
4277
4744
8171
4079
3268
7396
5683
7674
4467
9746
9511
289
9010
6870
3079
8470
8778
1005
1913
9911
2834
6464
34
3228
4852
5645
8675
4726
6810
9232
9130
3208
519
5940
5495
68
2611
9738
9756
3393
493
5410
1230
1614
6495
6508
4744
4364
4901
3271
7049
5632
1935
1946
9009
7035
1863
1067
1840
7116
3334
4744
9309
5905
8852
7748
4220
2702
6829
2322
6715
8999
61
1983
3997
7794
6660
3350
5902
5152
9503
3019
8437
9804
8055
2875
7859
1817
2071
3845
1188
1933
143
5104
5114
9037
7281
2973
4214
4390
4841
1378
1088
7772
2933
3616
5588
2477
214
3379
7664
3219
8406
1554
8496
3448
9268
4095
7591
6311
9825
5471
9302
6556
7664
1608
805
9043
1812
6064
5036
3205
6323
3220
6279
1803
3064
2704
3139
6619
7401
9965
3514
3356
5474
8934
8826
2940
4612
4054
242
6662
9020
614
7929
8173
1372
4276
5479
6177
7158
2970
5549
7892
2741
6906
9503
4811
9938
5369
3383
9115
9649
2159
4868
1207
4574
5082
1083
6272
6362
8717
5060
497
5686
3844
9479
5670
4685
1387
9887
4207
9955
3487
6040
5377
874
9413
9214
7468
2404
9438
5403
9934
3722
5483
9134
4212
4040
3384
342
1808
4805
7984
7189
3491
3077
8865
1016
4011
4372
1529
5733
2610
4476
6115
2842
781
8838
3294
5040
5224
5017
4922
5869
5757
8365
5221
264
5060
3635
6794
974
9550
5517
4607
8848
8444
9258
237
753
1125
8448
8131
7481
1273
842
5414
5452
9923
4611
6851
211
8622
6871
6990
6787
8110
3463
2211
1814
7633
4016
6438
5006
4890
9138
5602
3015
6852
7190
7611
7048
7293
6576
6512
6667
7684
5733
1854
6149
4337
7062
6797
6497
6129
2945
1454
5739
3995
1682
1136
2499
5453
8693
2718
2996
4876
3646
6171
9604
2980
7323
2453
9895
7026
2966
3415
8700
6637
5606
4167
2113
8774
9473
3424
1631
9450
7932
2745
8631
9033
2629
1312
4250
2631
8495
8913
7403
6971
9132
6112
4153
432
2683
7276
4922
3458
1780
9053
2171
2421
2405
4207
45
1219
5565
8267
9247
1357
2584
4387
4934
3090
9493
9984
2770
7313
8533
7287
8452
307
5080
8740
9000
1227
6454
7366
9880
5225
5026
1650
661
3525
1772
4297
3287
5397
8026
4273
1310
6007
2544
1984
5429
8419
8202
8112
591
7628
7661
7686
2505
9454
136
2298
6969
7366
2074
5010
3642
5852
2963
4478
7043
9831
3763
7085
1441
5784
9531
8463
3046
1767
9688
8693
2454
288
9073
8667
2633
133
440
8650
2932
670
4388
3879
7549
4911
5817
6228
7695
5638
7000
5401
295
2310
6060
7899
2484
5114
6273
7102
378
6534
5962
3200
2644
122
956
7417
4256
765
1601
1008
3475
670
4139
5836
5575
551
1886
9998
133
6039
5096
8915
4801
5224
9683
9597
7395
4394
3986
3363
9851
5557
9720
208
2176
1131
7893
6222
1822
8285
3006
3986
4125
7879
9185
4702
2413
677
9993
9986
2153
6555
9662
691
2161
819
7205
9926
7265
5408
6470
7493
1070
1764
4560
3404
4517
6450
8263
8823
5745
224
3116
3812
9483
6195
2587
2606
9638
2956
5457
8774
7051
4113
7957
4614
5498
6524
3461
1369
2923
5732
6615
9480
1627
8578
664
947
662
9771
6434
9132
6055
1332
8946
4815
9635
1246
2948
1185
5219
400
1783
4590
1711
4954
4995
2322
6260
4649
8767
3503
7055
6240
9933
4217
4536
5242
8634
3441
1883
8476
6912
2028
450
4527
536
3032
3518
9154
9188
8006
2197
7939
5757
535
601
9013
8940
5253
3533
4580
4624
7849
8816
1115
573
9170
8162
4643
5834
4416
4971
9279
996
6641
4852
4340
7909
2310
4790
7793
7823
5477
9869
1495
5027
6312
2272
6811
9008
9181
5842
7478
1942
5232
960
359
9856
4545
8655
3632
5222
3303
9981
6351
5920
2147
6469
2862
533
2911
200
544
2734
2265
7471
9554
8196
2453
8344
8832
5868
1258
5463
3478
1742
5626
9448
4802
7294
5950
4880
5845
6692
920
475
1963
6513
6061
9344
8193
9289
2612
455
2565
7445
7212
355
7236
7409
7050
5006
7415
4544
9555
5225
1380
8377
514
5576
3613
4120
9565
5849
7030
910
7441
6268
9615
9342
5024
2418
5386
929
313
3593
9539
9902
5752
8675
2870
3439
4983
7010
1133
9811
5107
7819
855
5240
7738
589
4311
9309
9804
653
2864
5655
2882
8669
9675
9367
8094
85
9900
5041
2139
848
8943
9744
8824
8567
7063
3278
9648
4161
1681
4098
6446
7603
7134
2980
8854
2803
5268
8107
9488
894
9280
4652
75
8229
7512
9087
2541
5245
3542
3513
40
5019
3804
8079
4291
5831
4276
220
7184
316
3258
7890
6649
4912
8211
213
8987
7220
729
3055
2502
5614
5284
8913
150
4984
4129
195
2134
4867
2915
2492
2901
1346
8958
9760
855
2112
6894
6454
3204
4873
4458
2625
2877
2861
4538
6736
9179
7655
8314
7513
8967
8730
8282
575
511
1196
9301
7725
7935
8040
368
6852
141
868
9810
8163
4474
3582
1799
8149
2023
6771
2645
6097
8415
6653
1223
9237
1251
1345
9028
1687
2906
8966
1901
9236
5315
6600
7208
6706
1587
6533
7442
7152
7814
6303
3597
2456
7276
2121
9442
3043
8386
979
848
354
7213
5385
2724
9514
5147
6076
9778
1157
2406
2280
6310
796
8450
6150
4569
1308
1108
7849
815
9103
7222
410
3144
7383
8974
9001
5416
530
1694
7493
7136
2102
928
6358
52
5182
8796
9800
8373
7895
2288
6800
1041
8791
9016
258
1280
6495
9180
785
753
5529
6008
6862
3125
5531
787
1064
4526
4249
2739
2831
6512
5601
8465
1879
465
2887
460
2751
1040
3798
9271
255
317
8234
9301
7544
3543
2175
3941
3486
2055
827
1767
3612
8823
2111
1853
9407
7363
7172
2926
4023
5292
8069
8018
8568
9664
4022
3590
2070
2435
6709
9640
9905
867
1951
5261
73
9508
9849
2276
4002
7500
7938
8143
8764
7389
2230
8143
561
9379
9189
6004
5108
7989
7580
1610
9171
6493
2937
4178
8918
8145
8946
9408
4974
2254
9421
9496
1108
7402
1766
5605
3346
3794
7799
3440
8944
1604
669
3880
176
2453
7200
2297
6130
6704
3467
2134
6856
134
7652
612
8099
9707
8321
6987
1579
9695
8111
6733
5346
6167
2567
8182
1048
22
1317
1720
165
6136
4158
5455
9198
8968
7701
5427
4628
3003
9218
2897
2031
9807
3072
6029
179
2112
1673
8349
168
9382
7317
1799
1667
8592
3439
7875
3216
8587
3823
6407
1198
6301
6149
7841
2554
8381
1869
1547
9633
2308
7882
9657
1642
6965
6697
3169
6103
3816
888
4698
5444
6305
4498
105
8376
6951
8766
9466
3088
8665
2040
6394
9443
9323
4094
3510
334
6299
3158
1070
8161
777
9966
5165
982
9991
6837
1725
4317
9249
1427
2630
8802
4578
4118
620
949
1135
5276
439
4091
2147
3543
4642
9295
8092
9218
3851
1470
6046
7377
2893
4208
4694
3833
6209
8002
1397
3325
8204
383
3829
3350
6802
3257
256
8983
1353
2274
9288
3697
9269
5398
2089
8725
9286
3017
7429
8799
3081
9919
2737
5284
1129
242
2348
8609
3151
112
7520
728
8273
9104
1466
4844
5099
879
6658
4075
7329
5399
943
2902
6216
9982
3659
5256
7240
4103
2837
938
4667
3345
9853
7673
4335
1200
8422
9579
1971
3489
720
4062
1614
9137
4576
8244
6297
2722
2193
2896
1068
8774
2655
6560
6615
5178
7584
5050
298
3154
1770
1836
238
4302
8311
2961
7239
980
876
6085
8806
4885
4077
7002
9283
117
6587
8561
232
1257
679
6300
5566
3994
6134
2290
6665
5733
6096
3724
3736
6243
7387
5571
1002
3911
8035
7277
4973
1438
333
1934
6993
5933
8588
2600
3557
2273
6952
4510
464
5304
4166
3835
9769
6046
8885
3308
1724
9367
1381
2565
7420
5785
4811
6373
1664
8047
2032
7047
9795
3877
1960
8291
6606
9956
2864
6491
290
8548
8660
2029
9444
7462
8258
7582
6555
6052
7338
2581
7097
4828
6525
2988
9408
3907
9895
3399
6836
6016
2960
4087
321
3046
9859
9083
6503
1267
5329
2614
3766
9219
8239
310
6179
4042
9937
8485
3212
6511
2484
9470
1328
2450
8962
3504
2050
8316
475
8005
9962
1743
2204
3184
3255
3634
3947
8899
8863
6982
8915
1415
4056
9016
8274
321
6400
7497
7883
5199
4416
9046
8013
8891
1991
7209
6423
9179
596
669
134
3529
4727
7444
1445
2192
7614
9259
9341
3388
6227
1327
8260
571
6866
6741
2411
5836
5226
1358
5298
5422
7709
4647
943
2956
3979
4278
5379
3598
4298
7441
4459
7559
8976
9818
6734
4613
1461
3967
8246
2165
1040
2438
9407
8194
5892
7384
2868
6953
2332
7659
5226
9732
1478
6416
4759
5129
300
7086
1992
3330
14
3295
9804
6712
1128
8721
5067
4687
1127
6227
4336
4206
7694
1674
1999
8547
7678
6748
449
6126
9611
6875
8377
7931
5434
4809
5047
6872
5364
7874
5560
4888
8307
6952
4547
3910
9094
8351
3450
4984
2947
5421
9642
5749
7063
5422
3976
258
8963
8565
7046
6688
1345
348
3452
7874
3590
5384
7627
6802
773
750
4466
4192
2058
9559
2849
8152
1693
931
478
6484
7482
839
3934
698
3553
9402
8775
7033
6540
4113
656
3875
6869
5223
9957
6817
9740
9038
9192
2333
3616
7248
4624
8534
7559
5557
919
6793
2567
2885
406
1173
6252
3176
6606
3518
4633
5475
5024
865
9605
4340
2887
8353
5736
1879
3536
5245
5436
4761
435
3834
7258
4383
427
1040
8125
6053
5766
319
6597
3527
9717
7124
963
8525
1065
4642
2885
951
8743
7753
4614
4478
8968
2245
5385
3858
3784
3218
469
4872
1694
1274
4629
5209
8195
7633
191
4687
6467
9618
8820
6238
6201
6090
5235
4868
1610
8366
538
391
8037
5909
2636
1168
259
7652
1304
298
4575
9204
5846
2766
1078
3375
4020
1875
2118
6493
1920
6001
7919
5761
5843
2147
521
3589
8829
1074
2820
3250
6513
9919
297
6475
9202
2071
9262
7683
9698
868
6881
1417
9267
3160
5105
9264
7368
1180
2711
27
4305
6311
7105
2275
9762
6316
290
1494
4382
8394
1437
5021
5965
4026
1895
6733
6666
7997
7130
9976
2658
3194
4097
1660
3107
4834
1839
2618
1053
2633
7753
9322
4771
7072
1851
9919
4575
6420
6638
3117
6626
4448
753
1972
2319
4876
381
5821
9054
7516
3677
2727
5820
2793
9860
1656
4892
5877
6522
8318
9183
9007
5740
1118
3283
750
2084
3957
5101
3929
3293
804
4125
9730
7493
2862
1816
4116
9183
2943
9417
4081
9885
3215
8538
5506
8376
1889
279
1430
9708
1603
9390
9396
1831
7263
943
9190
3597
3936
8394
7786
8142
6013
3498
6590
1202
7317
551
7178
4801
8084
9686
5648
2918
8825
6544
2429
7237
2943
8533
3932
7901
9711
1119
4772
6292
6680
1099
4485
4302
5962
7658
596
7312
1913
6150
740
6125
8729
4015
88
6507
5221
3026
6789
3631
575
7120
7343
2746
9340
505
5861
6687
6038
6418
6044
5448
9829
2946
2347
2996
7473
8667
7302
1739
8461
7501
5238
5598
9660
9139
8773
8540
8037
8689
3322
6576
9143
6760
6648
7740
5874
9115
4983
6371
6785
3232
4609
5127
5670
7630
7974
617
4514
8676
6366
6241
9999
8712
6991
8927
9736
8828
868
4805
8135
9365
9418
2517
3387
1335
1793
1910
6453
2324
2091
108
108
1190
5415
6611
1126
6852
4419
4006
1517
7841
3457
1088
5337
916
5740
778
6056
9008
21
6068
5747
1041
7230
3435
1378
8763
4207
4626
5436
8618
1251
4542
7768
9901
2512
5076
3044
3970
3462
2163
3571
3133
7625
6079
340
1945
5562
3056
6084
8165
2701
9656
2952
5348
9005
42
3918
4174
2733
255
1469
4984
2548
2940
9286
9738
7114
548
2660
7605
8975
5011
1200
4755
9987
7109
3021
5560
8862
9296
3055
9387
7503
1654
9385
4422
1709
1786
572
7572
3559
5989
3826
7387
7328
824
8586
5136
8150
1344
2563
7742
2795
4655
7638
5057
4909
5243
1123
3178
2863
1543
3872
4904
6957
1600
453
8249
4142
9368
8188
4007
2648
2163
1243
3752
5942
4109
3150
381
5326
22
6155
4334
3090
9139
8604
9953
3685
8293
2211
8101
8605
9739
9509
3128
1832
9683
8044
4526
6558
9742
1926
6237
670
5079
3260
9442
7993
9734
5668
7898
4678
1829
9615
8408
5231
8709
4580
2836
719
4881
6258
2244
2438
3606
7911
8195
7946
6442
3744
1009
2786
3634
8779
9894
435
2326
4055
5232
5076
8803
8189
9046
6631
5645
6362
5666
5159
4572
5580
995
2211
1019
734
5366
15
7035
9391
2008
5469
4962
4546
371
4847
5546
3606
1153
6826
606
8786
7795
6026
2211
8769
7405
6553
7433
4018
2589
5254
153
8434
4531
7332
9180
8193
6794
2786
4965
4536
8776
733
5572
1066
7553
72
6268
7649
6894
9225
6053
2426
2672
4657
8788
623
4571
7813
6186
3871
5039
2706
4858
6557
7773
1910
9867
6360
9657
6996
2770
4602
2054
534
3039
8256
9616
728
7888
9564
7372
6451
7059
1100
9760
14
5928
3775
8446
7341
2373
2839
9367
384
334
2225
3192
4611
5686
722
7611
5171
8148
4419
4286
8945
6272
8613
8098
6127
1299
8944
1382
4187
9591
5927
1280
9109
2723
9209
4026
3676
8888
7928
6012
202
9225
1353
7820
5621
7924
9612
4065
122
5498
7788
8846
6617
512
7896
3867
7254
6213
2344
3920
4915
5018
9353
2265
2171
5604
5518
6697
7533
4496
3203
5607
8992
6437
771
2164
7824
5612
1800
3918
1432
2811
5381
4576
2589
2032
3338
4471
3880
3669
1810
6358
345
430
3993
3532
386
6468
8056
8020
4853
9779
9242
7580
6872
2894
7993
1623
490
7104
6581
7778
4451
1052
5147
2832
8592
5338
4358
3996
4186
1039
5898
9102
6350
1462
3966
7166
6146
3318
588
4028
2359
5588
5107
1262
8114
1796
3502
403
5450
4149
6358
8697
1796
6046
5205
7021
5860
2861
5772
5417
6877
9546
3207
6763
391
7617
8736
4492
5786
3396
9440
6015
5620
3983
2801
9486
4513
7387
5517
7937
5782
8458
1736
1396
7337
2861
9248
4643
4431
7155
3512
5451
5806
4265
8397
5820
1459
87
9445
6560
4836
8819
149
3822
9597
1689
4233
4693
1258
6204
7273
7792
6993
782
9108
3996
2696
2694
4446
1834
4958
5598
2832
1913
7091
6638
720
4788
2495
2073
7756
7117
5759
4711
6613
1638
1710
6036
682
7533
5300
846
6794
9096
697
2482
741
2244
6239
2257
1840
404
3013
7586
9025
3567
8733
9484
5042
6883
5332
1614
7189
8093
8200
9842
2744
6281
7387
3408
4758
7973
6221
6227
9170
446
799
9601
7365
6244
4575
5660
9247
7380
5896
4229
634
2481
2738
4504
5372
5189
8119
6901
6956
7574
1725
9757
6615
7996
8124
193
4867
8897
9604
8341
1332
6328
2177
9437
3262
9683
6541
8795
6661
7046
1939
554
5166
8881
9732
2297
882
323
5256
4105
8304
281
1071
2417
7114
3742
2042
6228
2171
2208
2901
5517
9328
6031
1862
9614
3852
1562
9705
6222
4151
5484
2315
194
7307
8500
6084
4866
4438
599
9828
7697
3351
550
3884
6329
3091
2985
6943
746
53
7437
3803
2183
8097
5065
2721
9657
5782
423
9355
555
2260
7617
5343
2595
9627
2441
3525
627
3621
4700
8530
3273
6420
7812
967
1184
5010
5989
5866
826
6080
2842
1107
5124
3743
9073
9640
5059
9515
1078
9997
4345
4911
6747
3296
2704
5804
9519
1265
1922
4255
6838
9104
2870
7883
4567
9025
989
9099
4605
5142
2335
6464
9013
8091
2240
8316
254
8200
3860
4415
3837
9344
4465
4800
6599
1707
3173
6328
1123
611
5026
6431
4424
272
2796
496
6867
5906
9704
4002
5566
4957
3382
3028
4975
8375
3809
7082
6271
5867
5715
6338
6238
4814
8995
1304
5858
1174
9051
6718
8567
2092
2659
3035
8230
4161
3946
8234
7292
8346
9375
9925
6272
2401
258
2665
6793
4297
6245
8300
1674
5667
3467
7717
7272
2524
6607
875
5215
1670
4986
8234
2942
5070
8994
768
5060
1240
4629
7636
429
2216
771
292
3088
7029
5891
9305
8673
7778
8356
5498
1811
2368
7219
152
4116
8783
8449
9945
6905
9348
4920
1090
7470
9868
7166
3678
2912
7750
5886
1636
851
5261
6516
5893
2130
8918
786
8374
6569
3693
109
2248
9246
1167
907
9497
1360
4085
2531
322
6747
5844
4286
165
2361
2380
9286
9181
8645
5637
9316
5905
3596
2349
6727
1532
2556
9220
6478
3760
4281
5738
3884
9441
2676
8865
1373
3448
2733
9607
609
7096
8689
93
4706
3222
2161
1199
8945
6588
8147
4980
7396
7686
7142
3212
7145
5181
2361
3222
1475
7274
2066
4805
8237
5063
8345
7555
9935
1631
5335
6198
7569
9034
1844
2624
1186
1611
5609
7229
6229
8128
8998
8927
6303
7134
8891
2693
9773
9629
6665
5903
9708
614
7735
9842
4160
6471
3962
797
6460
8191
6362
5879
3313
1483
36
2376
1818
3492
7990
5809
5224
2477
5638
1124
1240
1155
3145
3487
6009
6631
8505
9987
1478
9827
260
1231
3839
5165
5114
2305
5939
6877
2340
5832
7145
1771
3837
6001
9974
9542
5989
1327
4030
783
7033
5647
4252
9741
1581
1386
2281
3562
2123
6502
6901
2273
5875
6651
1913
4070
4186
7126
7556
8632
846
4895
4652
7104
5110
9668
9002
1167
5042
4346
7270
5187
6839
9435
4554
4807
6237
3025
8182
2563
8763
7838
1858
6085
6683
9449
9238
7303
1775
5322
6261
1682
4744
2560
7091
4972
4050
3374
9427
1221
9192
1218
1095
9854
6072
7219
1350
1535
4982
6125
7106
2194
4957
3302
6440
2137
1758
9512
9143
2456
605
8154
6842
4121
8907
463
3275
6045
8725
7751
8645
7212
3444
6204
700
4494
8270
8958
9156
2204
9503
2236
9381
1585
3317
7174
5899
8502
745
6632
6190
5366
1943
6759
500
9000
9452
6379
3956
9573
7115
3366
3122
7019
8613
6094
332
393
7159
9765
5624
2534
5777
1982
7902
7083
5829
9264
4090
7418
9969
6377
7436
7394
4519
3335
3917
1916
5462
718
8709
1289
1656
2537
3091
7103
8683
7326
5798
8930
6824
2343
1860
522
7051
2807
6272
1408
9640
7970
9423
4748
1035
8459
6192
5198
5936
4823
830
1100
3219
5518
5319
3810
6280
3632
9749
3224
656
5606
9474
2609
4368
1914
5253
7779
9323
9215
9430
5296
5350
5834
3306
1948
1935
7605
8279
3010
6593
9085
6108
2
2931
5937
1665
9533
5955
7879
4955
3645
6912
8024
7820
8584
5086
3654
4789
3366
9320
5519
6790
1658
7805
7597
1096
522
646
6926
794
7409
6092
3591
2313
2381
7961
4252
104
6041
8726
8673
3424
4855
55
7677
1383
4681
121
2620
8881
139
4972
1081
7873
2221
9387
759
5544
8994
1237
3784
3365
4600
2164
6597
8786
9896
6554
6347
4357
3997
260
3381
7430
9776
270
785
7313
7925
6641
6186
5685
3578
8397
8058
445
6687
5804
8631
2744
2362
2475
8164
1914
186
2076
825
3208
2186
6068
712
8891
7552
879
7649
4000
8477
5178
6314
4369
5567
496
8972
5928
3131
1374
1647
1148
4379
4382
5896
580
4069
8923
3539
4913
1447
6555
9650
5679
9466
9701
9937
808
7237
5110
2212
4608
1386
2187
8091
427
8608
1390
276
8226
6050
3327
2827
8638
8389
4855
6665
9669
460
4547
245
2149
2110
6197
5778
5287
7610
5718
4702
4226
5372
3719
2193
7380
5008
3346
9424
2495
7824
542
4007
6906
3729
1796
3604
9218
2236
2659
5030
6815
7747
8819
1345
5977
9631
388
2428
9180
5741
9184
277
7167
3959
8257
8919
1784
128
2702
223
9221
2291
858
1114
2332
542
5425
4758
4974
9009
4719
8124
953
1473
5319
1000
5088
4965
8718
7014
4142
6316
6187
5509
939
5086
8096
4220
5831
2535
6146
6619
5899
412
9591
4521
3725
5178
9432
6081
4407
3020
7741
1678
1594
8472
2842
5339
759
4842
4896
7326
662
7720
572
4323
2021
3829
9976
7239
5772
6228
3773
3082
1984
3441
3511
6557
4485
4486
3593
9127
5572
3955
9006
8076
9778
1335
8997
5827
5624
6548
3169
213
9507
9347
3164
9712
6451
3648
41
3741
8295
9129
4735
7038
1098
1511
6570
8886
13
9804
2716
2452
1708
3525
9658
6911
1515
5372
6314
5134
4922
5193
7234
2765
793
9192
3501
234
6706
4289
8382
7913
5221
1300
4591
5994
3542
2155
67
4941
8035
5805
9625
9363
9379
4614
496
8044
3735
8073
846
5505
267
3490
1660
5991
5561
3937
4060
9003
1091
2189
6079
6677
703
5651
5163
7151
1305
1334
5314
4855
1423
1829
633
8157
9100
2932
265
7159
2739
1073
3273
9630
5901
4031
5795
1005
9844
1540
6988
5185
5620
3367
4738
6494
921
1158
6889
9527
5573
6964
8805
2894
3516
5724
3526
4866
8481
1163
6446
3820
5138
4615
2505
4010
7456
4059
193
7705
1245
6324
3325
7992
8404
8835
8539
2670
6284
8570
3679
8576
6741
4939
9879
7384
5947
183
8035
8505
7857
5617
8548
2027
1309
4509
1787
4829
3217
2750
5519
5957
8004
6562
4742
3175
6534
2489
8771
1165
6121
8628
261
3303
6919
7654
885
3147
8960
1581
8821
8811
8421
5379
3901
3276
1335
1603
7298
6321
7874
980
3975
9273
575
4566
7758
2020
5467
1517
874
2896
5882
2774
2045
5891
4946
5038
9852
6434
4232
1315
950
6493
2862
3963
5943
2109
3458
3737
9262
1643
8789
3606
3208
995
5693
9276
479
2842
909
9294
3982
548
6836
6362
7467
3810
3896
8071
5652
2350
202
9640
7870
5970
8501
3457
5013
4178
5022
211
5546
6239
4754
4241
2730
2979
2951
1347
1819
4978
3201
785
2962
7877
8265
4379
2849
4446
1093
4815
5667
4793
9886
2008
1895
618
2922
1177
1643
6796
5922
8747
7763
3712
7248
2526
2836
6771
3872
737
3232
5280
4204
444
2959
1518
2166
9649
9750
2213
612
8937
5955
8880
1204
7905
7179
516
2107
8816
2347
1997
4553
4951
9880
4194
4199
3910
6013
7293
3476
6795
2941
7112
6683
2616
6430
5293
441
3549
4819
8176
8299
735
3916
5883
9797
2189
5193
2687
1074
4096
7913
2092
6254
4276
9317
5212
6245
1923
864
9022
4358
849
2665
1842
6191
4437
2692
7016
4603
9225
2150
2169
9274
663
3456
657
4356
8930
2710
3843
7010
4916
4197
7723
4257
6487
554
5061
5491
2949
8519
4676
3259
1293
6847
2839
5457
1233
9958
7798
7966
7301
8132
7413
7941
5357
2659
1573
4439
7744
2278
5630
4905
6005
5406
8425
3134
2621
1232
8669
6770
3506
1552
6390
137
1176
4384
1962
1266
4422
9882
3858
347
4093
8809
7637
502
6160
3945
2953
796
2634
5199
2371
5687
8070
9897
5676
4746
4450
758
5971
1404
18
5398
9400
9738
8289
2856
8559
3848
1913
4597
826
5260
2321
9728
6697
9963
148
6742
9994
8191
3327
7012
1313
6859
9447
8466
8459
6686
6449
1408
2774
3460
1094
2270
8227
5672
7754
5252
960
8762
1008
6256
552
9616
4327
8294
694
3645
3653
2650
6209
722
9112
5466
5366
5630
254
5137
1318
3229
250
1930
4126
8514
2299
7570
5354
6984
7112
9201
469
1277
3801
9077
411
5919
7778
8624
2593
3193
8292
3105
3349
9645
5177
999
8353
4553
9036
452
4911
8783
1613
3647
189
4910
3432
8812
2412
7222
3907
8699
7861
3261
5079
3878
5109
6962
3890
8901
9343
7087
9490
9550
3843
3698
1448
9723
2748
9658
1922
7268
9070
3827
9884
9065
4606
7517
8300
7031
3860
6017
5782
8338
2372
2566
2722
5123
992
3025
8132
1225
1497
5653
7507
6095
5726
1921
3927
8894
9925
1087
4269
9041
8356
3368
9962
2970
5369
3992
6995
707
3165
3148
3057
36
3201
4910
605
461
2853
1577
3445
3970
5329
8568
961
4688
68
8977
8528
4896
2902
6229
4818
623
117
7881
6756
6035
8189
3537
669
2172
1485
5120
3825
2261
3493
8261
3995
2767
3234
9464
5950
6636
7455
4874
2856
2780
910
2977
7418
3717
1581
5357
2339
1547
5045
6761
2154
923
2365
8161
8809
6533
8853
4231
1535
1766
6844
9727
7454
4682
4238
7613
3166
7201
1951
5487
9104
3487
7696
5802
7850
3928
496
9757
4787
1824
229
4267
4482
893
9155
6439
9011
3087
7853
149
5083
7811
6289
4935
5241
5658
1832
8230
4719
1977
9972
8205
9556
8261
200
5925
3509
2164
9056
2369
948
229
4716
7973
468
898
2642
9771
9258
9231
9809
3981
1397
8898
5796
9919
4208
1493
2656
4491
5554
7961
1873
5221
1521
2054
5962
3730
8341
1098
4289
918
4591
5096
7565
9710
9707
1194
3106
1143
2694
6887
3459
4847
527
1994
4263
5505
9203
6378
3328
2746
1654
7692
1824
3129
5796
984
215
9339
2896
9923
6086
3551
1118
7606
8406
9019
1620
3438
2891
6386
4900
1412
6142
8951
3233
4261
2010
4193
971
7433
2252
7213
8246
6600
4936
5437
5188
2501
8323
2933
3164
7329
4945
6968
6717
7580
494
9093
4919
9299
4776
7936
3667
3015
7478
1154
1071
7286
9776
9545
6553
1751
3924
7173
517
2864
6873
7574
5545
8053
709
7572
1916
6984
2217
7063
6
1769
6266
5229
9570
1554
2841
1093
1276
675
5548
9048
8983
3810
208
8067
2185
5940
5737
6673
6828
9762
5976
4401
9272
8253
284
4520
2536
5506
2846
2052
6192
4646
5399
5772
1255
7695
5840
2784
9269
8554
5581
9524
384
6954
1859
3597
8703
8160
7292
6720
4424
527
7877
223
1367
543
2385
1066
5366
2950
618
8113
3713
1694
5368
5563
8337
6033
3069
2817
5727
4917
1127
7848
4748
1948
5684
4185
9439
2667
2200
9976
7650
5699
2627
1295
7939
9363
7201
845
6537
5781
5902
7518
3395
5203
4497
1888
1320
4302
2732
7645
5044
3543
7746
9232
7700
361
4028
1483
624
6854
2390
7961
8661
2978
